25,8,16,2316,0.875945537065053
11,6,8,2384,0.9515885022692889
21,5,8,1226,0.9258698940998488
28,9,19,1622,0.9228441754916793
4,9,14,2554,0.9440242057488654
4,5,10,2010,0.9409984871406959
5,5,17,1577,0.9379727685325264
29,5,18,2185,0.9183055975794251
10,7,5,2597,0.9470499243570348
13,7,12,2265,0.9440242057488654
15,4,14,2479,0.9470499243570348
29,7,12,2258,0.9394856278366112
5,8,18,2349,0.9606656580937972
15,8,3,2637,0.9561270801815431
5,7,19,1297,0.9515885022692889
21,8,19,2668,0.9349470499243571
10,8,11,1080,0.9500756429652042
4,9,19,2235,0.9500756429652042
19,8,11,2018,0.9440242057488654
25,7,16,1910,0.9561270801815431
19,6,14,2518,0.9455370650529501
26,7,12,2894,0.9440242057488654
24,7,6,1684,0.9364599092284418
18,7,3,2130,0.9425113464447806
20,7,4,2775,0.9334341906202723
20,8,14,1771,0.9409984871406959
3,9,11,2544,0.9379727685325264
26,6,10,1057,0.9273827534039334
8,9,8,2817,0.9455370650529501
23,8,18,1830,0.9440242057488654
8,6,16,2286,0.9425113464447806
24,9,7,1068,0.9425113464447806
5,5,18,1102,0.9485627836611196
15,9,18,2612,0.9440242057488654
14,8,7,1022,0.9485627836611196
9,4,3,1132,0.9258698940998488
3,7,18,2046,0.9409984871406959
8,8,12,2370,0.9485627836611196
25,7,18,2214,0.9379727685325264
12,6,14,1825,0.9455370650529501
16,6,10,1717,0.9515885022692889
4,8,6,1558,0.9515885022692889
12,9,12,2829,0.9425113464447806
28,5,7,1706,0.9561270801815431
16,9,9,2321,0.9394856278366112
6,6,10,1753,0.9455370650529501
20,6,4,1241,0.9349470499243571
8,7,12,2181,0.9485627836611196
10,5,18,1224,0.9425113464447806
28,5,8,1894,0.9258698940998488
14,8,14,1581,0.9485627836611196
15,5,16,1996,0.9500756429652042
29,7,3,2803,0.924357034795764
21,9,4,1123,0.9122541603630863
24,7,3,2850,0.9288956127080181
13,5,18,1107,0.9198184568835098
18,5,8,2589,0.9409984871406959
3,5,17,1670,0.924357034795764
4,9,7,1825,0.924357034795764
22,8,4,2255,0.9394856278366112
17,6,9,2736,0.9304084720121029
5,6,13,2266,0.9228441754916793
7,8,18,2211,0.9198184568835098
18,4,10,1151,0.924357034795764
10,5,5,2506,0.9288956127080181
27,6,19,2502,0.9349470499243571
5,6,6,1533,0.9394856278366112
7,9,5,2042,0.9183055975794251
8,4,17,2293,0.9334341906202723
25,6,5,1174,0.9455370650529501
13,9,14,1047,0.9379727685325264
27,6,15,2745,0.9470499243570348
28,5,11,1289,0.9183055975794251
8,5,8,2800,0.9455370650529501
6,9,19,2045,0.9561270801815431
8,8,18,1447,0.9288956127080181
18,7,14,2089,0.9409984871406959
20,5,12,2232,0.9167927382753404
14,4,3,2561,0.9425113464447806
16,9,12,1834,0.9425113464447806
12,4,19,2087,0.9319213313161876
25,5,12,2757,0.9409984871406959
7,6,10,2294,0.9364599092284418
6,9,10,1711,0.9258698940998488
15,8,17,2025,0.9409984871406959
4,8,16,2520,0.9304084720121029
22,9,10,1184,0.9349470499243571
10,9,8,2315,0.9167927382753404
6,8,9,2056,0.9349470499243571
22,7,14,2180,0.9228441754916793
25,5,9,2744,0.9440242057488654
9,5,3,2106,0.9304084720121029
29,7,8,1568,0.9470499243570348
11,5,5,2716,0.9455370650529501
8,5,19,1391,0.9319213313161876
25,4,3,1229,0.9394856278366112
22,7,13,1391,0.924357034795764
7,5,14,2676,0.9183055975794251
16,5,3,2590,0.9273827534039334
18,8,17,2606,0.9349470499243571
